 593683
 776674
 787707
 637842
 375033
 201401
 643412
 229320
 77284
 38818
 199538
 1044021
 173157
 305369
 266909
 286992
 150886
 157198
 157126
 163189
 148507
 876835
 770917
 1985016
 586958
 147097
 863519
 850076
 608316
 619272
 223087
 170855
 520942
 887815
 441423
 467511
 704647
 692639
 512528
 379816
 276043
 259428
 242996
 213795
 157316
 332124
 27516
 186888
 4947177
 340324
 340322
 387456
 180813
 24448
 494870
 60645
 1035261
 659745
 137305
 213998
 59246
 883218
 297937
 573995
 90218
 433766
 1142013
 878345
 746137
 193516
 175998
 347308
 601339
 174089
 148459
 29629
 167582
 158591
 307200
 862145
 489319
 473449
 601340
 271148
 62205
 751183
 52129
 52331
 471521
 274068
 27429
 2439
 23649
 137327
 213197
 715961
 90103
 24449
 60914
 260585
 16095
 35425
 763416
 797128
 779902
 892292
 136471
 130579
 624405
 838376
 452002
 21989
 231926
 258600
 746136
 228490
 783954
 844505
 879463
 888646
 407346
 57457
 233246
 698500
 170784
 48711
 366554
 6484
 395143
 915322
 19876
 739228
 438921
 203744
 1942197
 207774
 218565
 337039
 341046
 441009
 468435
 435285
 455153
 116062
 136169
 6485
 323240
 804851
 365988
 226562
 11675
 306060
 371047
 198509
 312691
 8264
 154994
 451223
 467120
 168762
 280836
 501734
 1358615
 1159163
 1713
 1256036
 358912
 1031189
 292059
 534448
 830788
 437140
 277636
 585618
 596857
 3263756
 438026
 183626
 1025522
 679133
 176345
 503015
 770016
 359221
 561231
 268203
 41606
 399455
 5301
 193291
 1680
 384197
 477499
 746976
 21926
 915297
 279338
 681062
 668007
 1843562
 187309
 181142
 1223686
 567589
 84371
 43381
 8224
 36610
 275110
 1220927
 1205404
 6091
 328679
 560316
 570232
 427509
 2839
 231528
 195655
 1111967
 462199
 461565
 806687
 817688
 703157
 490829
 235883
 328820
 486946
 363441
 367219
 260771
 766413
 266029
 358137
 486826
 271823
 1700579
 339360
 484343
 339358
 339547
 1343824
 6370
 2284484
 623405
 260937
 41064
 40931
 106122
 32174
 459960
 81445
 304181
 128422
 80646
 294677
 407638
 103617
 103225
 177875
 526441
 507081
 915369
 901225
 1135162
 125979
 513713
 559109
 426421
 394330
 883696
 70007
 30596
 145564
 267388
 892212
 924114
 192192
 167778
 54641
 85846
 102084
 846088
 32952
 330769
 450555
 652491
 139264
 588739
 16828
 1566
 868047
 891611
 29942
 200371
 197961
 388518
 1169690
 246078
 566611
 625852
 1044674
 796377
 663119
 1118257
 16093
 3217698
 335236
 698498
 4434670
 364063
 419421
 274778
 200364
 335238
 1602075
 398367
 751525
 426829
 229441
 212516
 263735
 518787
 790768
 49707
 1186538
 308591
